@type xy
@title "Label Graph"
@s0 legend "0"
0 0.727571
1 0.727342
2 0.741827
3 0.759369
4 0.766621
5 0.756598
6 0.734079
7 0.719434
8 0.742441
9 0.821061
10 0.947823
11 1.098561
12 1.251295
13 1.391804
14 1.512843
15 1.611589
16 1.687407
17 1.741280
18 1.774858
19 1.790601
20 1.791936
21 1.783898
22 1.774248
23 1.772811
24 1.785770
25 1.807100
26 1.824607
27 1.836296
28 1.849907
29 1.878783
30 1.938465
31 2.040489
32 2.183782
33 2.355914
34 2.544863
35 2.756371
36 2.984782
37 3.195162
38 3.367382
39 3.493073
40 3.569238
41 3.595866
42 3.578837
43 3.538899
44 3.522476
45 3.552054
46 3.571454
47 3.530804
48 3.408866
49 3.201632
50 2.934953
51 2.769306
52 2.873488
53 2.961176
54 2.985897
55 2.954892
56 2.892583
57 2.841363
58 2.853176
59 2.954914
60 3.126780
61 3.318508
62 3.489389
63 3.619316
64 3.700062
65 3.727687
66 3.699182
67 3.610109
68 3.455567
69 3.237706
70 3.000285
71 2.968184
72 3.046436
73 3.099401
74 3.175644
75 3.321551
76 3.472166
77 3.585231
78 3.652257
79 3.675386
80 3.657297
81 3.598880
82 3.499206
83 3.356880
84 3.174308
85 2.962259
86 2.740743
87 2.516173
88 2.281214
89 2.047634
90 1.878604
91 1.915603
92 1.984410
93 2.042501
94 2.085451
95 2.115492
96 2.143593
97 2.190641
98 2.251706
99 2.313427
100 2.371254
101 2.422556
102 2.466069
103 2.501976
104 2.531275
105 2.555663
106 2.577547
107 2.600203
108 2.627897
109 2.666002
110 2.720324
111 2.791115
&
